1.984596847265766295e-01 7.496730266653482966e-01 5.186728860807508779e-02
8.579259872731340719e-01 1.416456822954400285e-01 4.283304314258955378e-04
7.614460774041308389e-01 2.372005594782536919e-01 1.353363117615461212e-03
2.594406979324406226e-01 7.054283597574508846e-01 3.513094231010845114e-02
1.552018533545448714e-04 8.790633660739619049e-02 9.119384615392492899e-01
9.950167061157922932e-01 4.982836853863525060e-03 4.570303441724791360e-07
7.524599305473052280e-02 7.775805547179923671e-01 1.471734522272769574e-01
9.939106221075625358e-01 6.088694731318350026e-03 6.831611189012297845e-07
2.395585389783592978e-03 3.016967327338424543e-01 6.959076818763739736e-01
1.036334649747740720e-02 5.170862907908944095e-01 4.725503627116281469e-01
5.474660921015566117e-01 4.458826171927309789e-01 6.651290705712325189e-03
9.844750377772341077e-01 1.552048067841571566e-02 4.481544350414748350e-06
2.687354031647583896e-06 1.203983491777041621e-02 9.879574777281980857e-01
1.900456828190940860e-06 1.013457703446260863e-02 9.898635225087091261e-01
9.361591912336392207e-01 6.376126864196475508e-02 7.954012439588482907e-05
9.682576206026828336e-01 3.172334281253554045e-02 1.903658478191657747e-05
9.107535138742453018e-01 8.908688030767339394e-02 1.596058180813935085e-04
1.220067685083955483e-07 2.577629252738988710e-03 9.974222487404924564e-01
4.121624384729423614e-03 3.740690553197786317e-01 6.218093202954919629e-01
1.197716911005492543e-04 7.765759606744833399e-02 9.222226322414510680e-01
5.961161091855249787e-07 5.688731593791390879e-03 9.943106722900993955e-01
9.875308147145720472e-01 1.246630293507561965e-02 2.882350352412144664e-06
2.344183923792858004e-01 7.245628489119596560e-01 4.101875870875440477e-02
9.350193958495363056e-01 6.489810196683291899e-02 8.250218363080899465e-05
2.049441305206462297e-02 6.275517601966515979e-01 3.519538267512836716e-01
8.598033201049902763e-01 1.397804666213144364e-01 4.162132736953242382e-04
2.751836855906779691e-02 6.719561667595159715e-01 3.005254646814163877e-01
9.958306128958722692e-01 4.169067424885281731e-03 3.196792423986933966e-07
5.383978134208573518e-01 4.545726705009092705e-01 7.029516078233359437e-03
9.118085310426125617e-06 2.206448895806063099e-02 9.779263929566287539e-01
9.547868635097414014e-01 4.517399002615977294e-02 3.914646409885704268e-05
8.710381720043054089e-06 2.157100019305687594e-02 9.784202894252230776e-01
5.189075576566875431e-02 7.497163716533206124e-01 1.983928725810108484e-01
3.239271322369144390e-01 6.520339369752099490e-01 2.403893078787568832e-02
2.986249760936636300e-06 1.268757644425896371e-02 9.873094373059801976e-01
2.454181440726440067e-01 7.162910542191567309e-01 3.829080170819932488e-02
3.227910996290384027e-03 3.401730232064973380e-01 6.565990657972122779e-01
6.835167576083609267e-04 1.753545798630448682e-01 8.239619033793467162e-01
9.970616990774691102e-01 2.938142343520294165e-03 1.585790102642892250e-07
8.190053415286118188e-01 1.802679298229326321e-01 7.267286484555356314e-04
4.004306664212356134e-03 3.699582939878662269e-01 6.260373993479215748e-01
2.367394736238567221e-01 7.228371718289763326e-01 4.042335454716691062e-02
1.205108088815933756e-04 7.788711698429522101e-02 9.219923722068231742e-01
8.887612576737558001e-01 1.109848995876960426e-01 2.538427385480667786e-04
3.167618798313299178e-01 6.581891112549177469e-01 2.504900891375232835e-02
2.998422495234577823e-01 6.725295859177545799e-01 2.762816455878756156e-02
9.796776908027607922e-01 2.031459385594799882e-02 7.715341291113869627e-06
1.901701432194878680e-04 9.682771956663746571e-02 9.029821102901427476e-01
9.589109789222828306e-01 4.105682414601478925e-02 3.219693170237858648e-05
5.994645891217466049e-01 3.957502027647071263e-01 4.785208113546288687e-03
5.555952239246859936e-02 7.560194100508886850e-01 1.884210675566427295e-01
8.578366142561567598e-01 1.417344734615704482e-01 4.289122822726278410e-04
9.081251581513422044e-01 9.170522673681683057e-02 1.696151118407839703e-04
6.780399270128899375e-07 6.065899983462454299e-03 9.939334219766106093e-01
3.996358922253583281e-06 1.466266109007466518e-02 9.853333425510032439e-01
3.038889530124337379e-01 6.691260119721537114e-01 2.698503501541249169e-02
9.906861866398131156e-02 7.865534075822530058e-01 1.143779737537655994e-01
1.487195942816587069e-01 7.769394373556848254e-01 7.434096836265660646e-02
1.272611721883721897e-04 7.994896479380937671e-02 9.199237740340022729e-01
6.567379548208577278e-01 3.400373898317788357e-01 3.224655347363529316e-03
9.860082923520071541e-01 1.398807304242224818e-02 3.634605570446428698e-06
9.600759899701631281e-03 5.046175410269432282e-01 4.857816990733552220e-01
1.689136226480937586e-01 7.672546679585418028e-01 6.383170939336463290e-02
1.480181068313568917e-07 2.838762425357776661e-03 9.971610895565351518e-01
5.559324265970832200e-03 4.182126432342103128e-01 5.762280324998187986e-01
2.898951488210535499e-01 6.808198315071571916e-01 2.928501967178934531e-02
9.655486995049278234e-04 2.046415150014809503e-01 7.943929362990140852e-01
7.881731251387934511e-01 2.107943079378724049e-01 1.032566923334140001e-03
3.204297776987472650e-06 1.313961231141147143e-02 9.868571833908115210e-01
1.937516902951250862e-07 3.247172868902788688e-03 9.967526333794070048e-01
9.951345833936575680e-01 4.864980991620474621e-03 4.356147218400497897e-07
7.969269444270481451e-01 2.021340192643004408e-01 9.390363086512674940e-04
7.275961800765198273e-01 2.705610872641585063e-01 1.842732659321611984e-03
9.090050465432761850e-01 9.082872620474000125e-02 1.662272519838400636e-04
6.986296832003980380e-04 1.770937482352432646e-01 8.222076220815561776e-01
6.398293531808825207e-01 3.565318765117374000e-01 3.638770307380228847e-03
1.111188737943191512e-03 2.177010812313492361e-01 7.811877300307075167e-01
3.883755835753128303e-07 4.594253029763921761e-03 9.954053585946525118e-01
9.326198888030386991e-01 6.729118417646343109e-02 8.892702049790857089e-05
2.288727239414588906e-04 1.056993176842890431e-01 8.940718095917694619e-01
2.206953253958844965e-02 6.390302785858428258e-01 3.389001888745687419e-01
7.674964329251263521e-07 6.452400528593622495e-03 9.935468319749736210e-01
1.185192956750389520e-02 5.390694223702108268e-01 4.490786480622850352e-01
9.526300146674661073e-01 4.732692133719369060e-02 4.306399534042100263e-05
5.285439192957803733e-01 4.639955683013772259e-01 7.460512402842564735e-03
3.939960061882576969e-01 5.898311757795001720e-01 1.617281803224217621e-02
9.598861521014051545e-01 4.008319109126968344e-02 3.065680732508428604e-05
9.904595859418200421e-01 9.538731513667039405e-03 1.682544512814814235e-06
1.667273040620937119e-01 7.684091866607692944e-01 6.486350927713704917e-02
2.396396704756957874e-01 7.206657567747779547e-01 3.969457274952601505e-02
1.948551642677594329e-04 9.795189905428973443e-02 9.018532457814424363e-01
8.121060182386803383e-01 1.871044356296086286e-01 7.895461317109425193e-04
2.551165828985924597e-04 1.112465658474427604e-01 8.884983175696585800e-01
9.427542563973330125e-01 5.718221847135356722e-02 6.352513131373000322e-05
3.283556070367115430e-04 1.252079954260776895e-01 8.744636489668854429e-01
2.895845720266702001e-06 1.249526956221675561e-02 9.875018345920627549e-01
1.602189799046787176e-06 9.309249026182610243e-03 9.906891487840183697e-01
1.530028205379694903e-06 9.098161967418125218e-03 9.909003080043763401e-01
7.726867195753700957e-05 6.287409602642544948e-02 9.370486353016169723e-01
1.820514600702862591e-07 3.147758477299267017e-03 9.968520594712406702e-01
1.892182839830547198e-05 3.162912159060676104e-02 9.683519565809949325e-01
3.503603894797647778e-01 6.289595188115169044e-01 2.068009170871833516e-02
9.947214943569068768e-02 7.866002948801270600e-01 1.139275556841822384e-01
1.186251397690210249e-02 5.392158121906851509e-01 4.489216738324128264e-01
1.161568691391515656e-07 2.515153763121933707e-03 9.974847300800088190e-01
9.962699138621011752e-01 3.729830383435439167e-03 2.557544634983418161e-07
2.314234727425102389e-01 7.267730597720508667e-01 4.180346748543892210e-02
3.604305506096899987e-03 3.552141567119095900e-01 6.411815377819936046e-01
2.602437255392884841e-01 7.047964516549404257e-01 3.495982280577088902e-02
1.059167962119535942e-04 7.320462057534406208e-02 9.266894626284442049e-01
3.263327693104034477e-01 6.499572616707099959e-01 2.370996901888653210e-02
4.818333438851726269e-01 5.083437455333870147e-01 9.822910581440314967e-03
5.340694192783199679e-01 4.587143724902252861e-01 7.216208231454846606e-03
6.663257189512658725e-05 5.852236741133312603e-02 9.414110000167716930e-01
9.918319782312690069e-01 8.166790120307517581e-03 1.231648423571139273e-06
5.508729789068302907e-01 4.426134404050782178e-01 6.513580688091632001e-03
2.309640700249674383e-01 7.271104172976958768e-01 4.192551267733649056e-02
9.968263033010563712e-01 3.173511651632976698e-03 1.850473105585497668e-07
1.359047552368994813e-07 2.720287167604387019e-03 9.972795769276403544e-01
9.138453214119485191e-01 8.600642297298284611e-02 1.482556150686389202e-04
2.810112137273612859e-05 3.840957557389256677e-02 9.615623233047343454e-01
3.802869434533329342e-07 4.546268984673940486e-03 9.954533507283827021e-01
6.997037166159753062e-05 5.992541455517747667e-02 9.400046150731607986e-01
1.967623588147564828e-01 7.507697527195074105e-01 5.246788846573593318e-02
2.030237283748847501e-04 9.987674299883458895e-02 8.999202332727906928e-01
7.134699465341011182e-01 2.844529069048534753e-01 2.077146561045336692e-03
3.659270596913889728e-02 7.106379712445199948e-01 2.527693227863412329e-01
6.860185778821992806e-06 1.916694646857412809e-02 9.808261933456472459e-01
4.230146055033817687e-02 7.281390158760912001e-01 2.295595235735706785e-01
1.456909214360989450e-07 2.816389671873498549e-03 9.971834646372050859e-01
1.580428198906266291e-01 7.727534900045855970e-01 6.920369010478785721e-02
7.981781830875382955e-01 2.008957048881933882e-01 9.261120242683992332e-04
1.639521533922668958e-02 5.920386723071799917e-01 3.915661123535932875e-01
8.549900791954241352e-01 1.445622376829907019e-01 4.476831215851429847e-04
5.472505576256839297e-05 5.318653903602270361e-02 9.467587359082146881e-01
9.226101010679843561e-01 7.727136545047222360e-02 1.185334815431780250e-04
4.502428106472659008e-01 5.379834837732008213e-01 1.177370557953331606e-02
1.318134984951225934e-02 5.564990841133665711e-01 4.303195660371211817e-01
3.135250092712972836e-01 6.609542823733041139e-01 2.552070835539859903e-02
9.489688085094962755e-01 5.098102805034571139e-02 5.016344015790940225e-05
3.674312294100508525e-01 6.137892475167922024e-01 1.877952307315683064e-02
9.884456905844265506e-01 1.155183671606091998e-02 2.472699512410180347e-06
5.398765166088624782e-07 5.414484683372493799e-03 9.945849754401107079e-01
9.915414438358688409e-01 8.457234965867003670e-03 1.321198264277428702e-06
9.726654239658856227e-01 2.732052084984595841e-02 1.405518426841600818e-05
4.726548469571911215e-01 5.169880346653588088e-01 1.035711837745009918e-02
9.666465953538521116e-01 3.333235298885194042e-02 2.105165729586794043e-05
2.988115061347308631e-06 1.269151303068434718e-02 9.873054988542544486e-01
7.231396880179971065e-01 2.749456436218898348e-01 1.914668360113184727e-03
1.052067676079639948e-02 5.195497890120612805e-01 4.699295342271423981e-01
6.529394291846908019e-05 5.794920995023601640e-02 9.419854961068455657e-01
9.916290597985512045e-01 8.369646342178550802e-03 1.293859270103910474e-06
9.775596020813628328e-01 2.243097088688545196e-02 9.427031751588605096e-06
1.362319060936584281e-01 7.816298345695187333e-01 8.213825933682269986e-02
9.778556664799199494e-01 2.213515627139406305e-02 9.177248685864343217e-06
9.799579789204000413e-01 2.003451915895024943e-02 7.501920649704142681e-06
1.635034265998241282e-02 5.915959371705560299e-01 3.920537201694616058e-01
5.411488856841544237e-01 4.519381655100799255e-01 6.912948805765665485e-03
1.956386773595165528e-04 9.813844010766806236e-02 9.016659212149724656e-01
5.448052897279558743e-02 7.542600116955117118e-01 1.912594593316929159e-01
3.603237661502684680e-02 7.086800830348458646e-01 2.552875403501272955e-01
3.257892030972248500e-05 4.129453031452836459e-02 9.586728907651619336e-01
9.692698074877081904e-01 3.071236856007259972e-02 1.782395221932632658e-05
5.166079064844153468e-01 4.753800566324489774e-01 8.012036883135641163e-03
1.452870625049516255e-03 2.445595037630017565e-01 7.539876256119486531e-01
9.931394422308343906e-01 6.859689966824284238e-03 8.678023412913663077e-07
6.643681236766749610e-07 6.004618160730720161e-03 9.939947174711456501e-01
5.073379765817548348e-01 4.841981162588244181e-01 8.463907159420767934e-03
2.759838848492544502e-02 6.723743844498504263e-01 3.000272270652240558e-01
9.542092492974739715e-01 4.575057425345433609e-02 4.017644907156947743e-05
9.916378491354307378e-01 8.360859731952116972e-03 1.291132617094589504e-06
7.685735519590686238e-01 2.301640059888349077e-01 1.262442052096498894e-03
4.194140253419896547e-02 7.271542152894270306e-01 2.309043821763739623e-01
8.210899243631753096e-06 2.095004356193693601e-02 9.790417455388195078e-01
8.932069707564090603e-07 6.959025128787319110e-03 9.930400816642419581e-01
9.960840529334807902e-01 3.915665139191729788e-03 2.819273274378551290e-07
9.104763901295714315e-06 2.204854498106030569e-02 9.779423502550385061e-01
2.361192267916588892e-03 2.999139904602349804e-01 6.977248172718484298e-01
5.513714765789699086e-04 1.590567268034452919e-01 8.403919017199756869e-01
8.365031372980656632e-02 7.823378443472739363e-01 1.340118419229195112e-01
3.990876133084190203e-01 5.851958689491353338e-01 1.571651774244561817e-02
7.226630570401550591e-04 1.798133107219301863e-01 8.194640262210296511e-01
2.710557165687650172e-04 1.144605253847008758e-01 8.852684188987302027e-01
3.573411497401519088e-01 6.227792645029212037e-01 1.987958575692692909e-02
9.751889732556524581e-01 2.479947577871480235e-02 1.155096563258468385e-05
1.287939730997853679e-07 2.648261583911660621e-03 9.973516096221152205e-01
8.018564841629635068e-04 1.884049596082033873e-01 8.107931839076335523e-01
1.318746295679599607e-05 2.647525465834122543e-02 9.735115578787020274e-01
6.286257067515818031e-01 3.674405669383892237e-01 3.933726310028983625e-03
1.622947905254501618e-06 9.369077643288691373e-03 9.906292994088060633e-01
9.908927168584796830e-01 9.105750548182498655e-03 1.532593337864493919e-06
2.211532439319485857e-07 3.468814051769290429e-03 9.965309647949869287e-01
2.813493567180100907e-01 6.878497499088185307e-01 3.080089337317138548e-02
1.602528492402222038e-07 2.953585157683803839e-03 9.970462545894668294e-01
4.631679071858884366e-07 5.016099231558616457e-03 9.949834376005342040e-01
1.601603456569392367e-06 9.307553417000787727e-03 9.906908449795425176e-01
2.057900357072466686e-04 1.005188435789378804e-01 8.992753663853548796e-01
9.937140935668173913e-01 6.285178325134808605e-03 7.281080477709977997e-07
1.519032852886352362e-02 5.796654156849582185e-01 4.051442557861781868e-01
9.851233398278669284e-01 1.487254770722460685e-02 4.112464908610299292e-06
4.403267668026960013e-01 5.472175646206202115e-01 1.245566857668375417e-02
1.131308190455964859e-07 2.482216900420204306e-03 9.975176699687610116e-01
8.532911754598462503e-03 4.855071698737343788e-01 5.059599183716670945e-01
9.965942049199529862e-01 3.405581929534971970e-03 2.131505121152887849e-07
6.632498616177057160e-01 3.336755034773382089e-01 3.074634904955937144e-03
9.571187931074867095e-01 4.284607687599183840e-02 3.513001652137340519e-05
5.464934574401695240e-07 5.447474303544124624e-03 9.945519792029984263e-01
2.393647819943530344e-05 3.550292687823268512e-02 9.644731366435678188e-01
1.954294267882588851e-02 6.200913484438946854e-01 3.603657088772794226e-01
9.204839190707854168e-01 7.939066728973523390e-02 1.254136394796449914e-04
2.833348821627204930e-02 6.761404218212727635e-01 2.955260899624553850e-01
3.317836904989608926e-01 6.452336118166980272e-01 2.298269768434103161e-02
7.504080321948021243e-05 6.199033522528163420e-02 9.379346239714988487e-01
9.959480015322640378e-01 4.051696570431255646e-03 3.018973045548566987e-07
9.859169158573785063e-01 1.407940157994759175e-02 3.682562673798443032e-06
1.423824752664280824e-01 7.794626377590846422e-01 7.815488697448715050e-02
9.924851587101645167e-01 7.513799410930263600e-03 1.041878905252129688e-06
6.890426520938406352e-01 3.084287162014693329e-01 2.528631704690101345e-03
4.656106423822287121e-01 5.236047027559117550e-01 1.078465486185960741e-02
1.429409873918452770e-03 2.428547562969615992e-01 7.557158338291199984e-01
9.962459255216088438e-01 3.753815417806131895e-03 2.590605848416568217e-07
3.927294966686593179e-07 4.619873896556592890e-03 9.953797333739466957e-01
6.678283445010043673e-01 3.291994729018909438e-01 2.972182597104522372e-03
9.643407726108076117e-03 5.053391204982314866e-01 4.850174717756604581e-01
7.344332569786307108e-01 2.638308581509555828e-01 1.735884870413712498e-03
5.789073595239901132e-06 1.762104839225164810e-02 9.823731625341529661e-01
3.984743788987311214e-02 7.211267237245055917e-01 2.390258383856212754e-01
4.344723319028438724e-02 7.311777147657134712e-01 2.253750520440021277e-01
1.951903098117559274e-04 9.803174216350192538e-02 9.017730675266864004e-01
7.214858488460869357e-02 7.752703594575267587e-01 1.525810556578645338e-01
3.350371094730302343e-05 4.186406457183700774e-02 9.581024317172156524e-01
8.140618974937031682e-01 1.851666834899093617e-01 7.714190163873955314e-04
7.552970727004875567e-03 4.659548427140258187e-01 5.264921865589692329e-01
9.670841194531512031e-01 3.289538649609510118e-02 2.049405075386068922e-05
1.335050368176213867e-05 2.663620840789864691e-02 9.733504410884195046e-01
1.818704464462929686e-03 2.690708707375026321e-01 7.291104247980344510e-01
7.570666608472611690e-04 1.836126868673876034e-01 8.156302464717650746e-01
4.860171784152033658e-01 5.043951689879052624e-01 9.587652596891264173e-03
1.324657133817315480e-01 7.828062474534688286e-01 8.472803916479952624e-02
4.855682159486719995e-01 5.048191275172825287e-01 9.612656534045379772e-03
8.546550779725900146e-03 4.857647727388105796e-01 5.056886764814635393e-01
9.971524226600033680e-01 2.847428415495710258e-03 1.489245008148431852e-07
2.099350477229354127e-07 3.379840657842653456e-03 9.966199494071096288e-01
9.923741978936190256e-01 7.624729116943573977e-03 1.072989437428636838e-06
1.222391716006255885e-04 7.842087309371721660e-02 9.214568877346819287e-01
1.306865551958235894e-01 7.833193106545748297e-01 8.599413414960141444e-02
9.907930079565735459e-01 9.205425556120989256e-03 1.566487305341045492e-06
9.780273081127616175e-01 2.196365788005194553e-02 9.034007186540066352e-06
5.407249787231784843e-01 4.523442156010976101e-01 6.930805675723876111e-03
9.962775870654179133e-01 3.722158233156947892e-03 2.547014252698478675e-07
9.778848433816489383e-01 2.210600380010840568e-02 9.152818242595197088e-06
4.364550619589145364e-01 5.508131013087218530e-01 1.273183673236340761e-02
5.333801112295319182e-06 1.692001028079232958e-02 9.830746559180953970e-01
7.402991926932805944e-01 2.580532764705465443e-01 1.647530836172676804e-03
7.568503894661825215e-02 7.778818448266437979e-01 1.464331162267379915e-01
4.166083045907361944e-07 4.757920698733968806e-03 9.952416626929614374e-01
1.856170279023211522e-02 6.119363384289155938e-01 3.695019587808522354e-01
2.032585496651888294e-07 3.325752675484924033e-03 9.966740440659651590e-01
3.288619783556128162e-01 6.477685885983091030e-01 2.336943304607812244e-02
1.412156817337998638e-01 7.798960251851360104e-01 7.888829308106413973e-02
9.906528043262182726e-01 9.345580894378710882e-03 1.614779402987118021e-06
3.566604058794866638e-01 6.233834034656393630e-01 1.995619065487392110e-02
9.939135072585254527e-01 6.085810229474828553e-03 6.825119997316640293e-07
9.520092897206412497e-01 4.794648257574918304e-02 4.422770360956612711e-05
9.974146843079987335e-01 2.585192967225843734e-03 1.227247754672859084e-07
9.141792294180355050e-02 7.850920508289981337e-01 1.234900262291984824e-01
9.872495102369782671e-01 1.274747506727763949e-02 3.014695744063570599e-06
1.374291903252224389e-01 7.812311753109708601e-01 8.133963436380664547e-02
5.108902097244384885e-06 1.656246660299063450e-02 9.834324244949119720e-01
8.492680478008467482e-01 1.502451214004795477e-01 4.868307986738487896e-04
9.006973002514621907e-02 7.847128523920579024e-01 1.252174175827958924e-01
8.872148400120950518e-01 1.125237742684765258e-01 2.613857194282593623e-04
4.820393319088244616e-02 7.423855105250961595e-01 2.094105562840214707e-01
9.872882542887272406e-01 1.270874942202534358e-02 2.996289247318371806e-06
5.215811667679055574e-01 4.706406348901048253e-01 7.778198341989569532e-03
2.297212509474068909e-01 7.280207947916833566e-01 4.225795426090969004e-02
9.354579040762367459e-01 6.446074014639915917e-02 8.135577736412161025e-05
2.269215717591341608e-01 7.300592149921825147e-01 4.301921324868319269e-02
1.579605140473337410e-07 2.932415437905904962e-03 9.970674266015802090e-01
4.523545672825376486e-05 4.847613353437189854e-02 9.514786310088998444e-01
6.847378986887568963e-01 3.126474872536365024e-01 2.614614057606611235e-03
5.170421368617209579e-01 4.749664781525572699e-01 7.991384985721628267e-03
9.400746967837058099e-01 5.985550121848244587e-02 6.980199781183298740e-05
9.957479938208451120e-01 4.251673678518158410e-03 3.325006366717388142e-07
5.049437701136688661e-01 4.864721257869267235e-01 8.584104099404382682e-03
9.973228693842728365e-01 2.676999007598042206e-03 1.316081289563370805e-07
7.386462751013638510e-06 1.988130645072460137e-02 9.801113070865241639e-01
2.586874059434186488e-04 1.119761802324131250e-01 8.877651323616433388e-01
1.640789872599238940e-07 2.988584068570031022e-03 9.970112518524428813e-01
1.424988947845142676e-04 8.439467938396380542e-02 9.154628217212517072e-01
6.553529126341570699e-01 3.413898600105300107e-01 3.257227355312919403e-03
7.432555671693538146e-01 2.551402938063928594e-01 1.604139024253279592e-03
3.389244563379477642e-03 3.467714950288216524e-01 6.498392604077988244e-01
3.950259403790280961e-03 3.680334063970807090e-01 6.280163341991290560e-01
2.855123886176491252e-02 6.772303157004713192e-01 2.942184454377636538e-01
3.062428826524342151e-07 4.080693487001797216e-03 9.959190002701154842e-01
9.895185557882518745e-01 1.047941151814751198e-02 2.032693600616256818e-06
9.946966720412770968e-01 5.302810180750907980e-03 5.177779721332548762e-07
2.635843657430605308e-03 3.136739580900725355e-01 6.836901982524967725e-01
1.300906464079140569e-07 2.661541574385278396e-03 9.973383283349682715e-01
8.520083743716638791e-02 7.830024787965355060e-01 1.317966837662983004e-01
8.640626214207544065e-01 1.355479188460724238e-01 3.894597331733487327e-04
2.880546464354342517e-04 1.177729819250044052e-01 8.819389634285601520e-01
1.523974496634579424e-04 8.714499686828520997e-02 9.127026056820511934e-01
9.939478170500041232e-01 6.051508133437140391e-03 6.748165587262082616e-07
3.454307123409931096e-02 7.032373962653318822e-01 2.622195325005686750e-01
2.366436439853593088e-01 7.229086353295681722e-01 4.044772068507244966e-02
5.091126543060484760e-02 7.478724123131590407e-01 2.012163222562361464e-01
8.924268851902258937e-02 7.844606756561950389e-01 1.262966358247824272e-01
9.826042006153753450e-01 1.739016234965571478e-02 5.637034968747047684e-06
9.872554157869244396e-01 1.274157232662192357e-02 3.011886453611043854e-06
9.849657953610000405e-01 1.503000396369671976e-02 4.200675303459532480e-06
6.505740800690460457e-01 3.460544888194520552e-01 3.371431111501845771e-03
4.274562989318563822e-01 5.591474567660252859e-01 1.339624430211827991e-02
9.687575955458210819e-01 3.122397199633498641e-02 1.843245784361389453e-05
1.352202151631883591e-05 2.680444481345058833e-02 9.731820331650329337e-01
5.467218661269467317e-01 4.465964464539528000e-01 6.681687419100548059e-03
2.316351731828511853e-02 6.464254806959253141e-01 3.304110019857894875e-01
4.858434539181228598e-06 1.615472138115527437e-02 9.838404201843056196e-01
2.220030481585847162e-03 2.924014643424683868e-01 7.053785051759458025e-01
1.414546763294159553e-05 2.740690853390322784e-02 9.725789459984638397e-01
4.472811505971554726e-06 1.550546979279202736e-02 9.844900573957020562e-01
3.085737654193961010e-03 3.341540185678351094e-01 6.627602437779708255e-01
1.326606187587692481e-03 2.351622764614321182e-01 7.635111173509802063e-01
3.228802752322563752e-01 6.529360728538589065e-01 2.418365191388472529e-02
9.898588486628066008e-01 1.013924911874167570e-02 1.902218451601851520e-06
3.142542433954241549e-06 1.301321236763879237e-02 9.869836450899271973e-01
3.647848626616674583e-02 7.102427143009395483e-01 2.532787994328936643e-01
1.945598268509394768e-01 7.521789375171213932e-01 5.326123563193903288e-02
9.673291196929098001e-01 3.265069512487470127e-02 2.018518221540092426e-05
9.946340079816716750e-01 5.365461899781664296e-03 5.301185466393354439e-07
9.851971617460959507e-01 1.479876679577042838e-02 4.071458133316638241e-06
2.001504696802648350e-02 6.238457048808718763e-01 3.561392481511016506e-01
3.656618778943260630e-05 4.369371860864829094e-02 9.562697152035619652e-01
1.814761661015868549e-07 3.142788820161520388e-03 9.968570297036722927e-01
7.547571639246050124e-01 2.438004424073413334e-01 1.442393668053627538e-03
4.201424761547852271e-01 5.658970444138617939e-01 1.396047943135298765e-02
5.988300397364523396e-05 5.556645441694677695e-02 9.443736625790797312e-01
1.403567790918928693e-01 7.802085516991666969e-01 7.943466920894064198e-02
8.374630158670445801e-02 7.823807683829273607e-01 1.338729300303681535e-01
9.827481077348567684e-01 1.724634889100652366e-02 5.543374136792250596e-06
7.734012562071763686e-01 2.253956259520280003e-01 1.203117840795601187e-03
5.383508780774193085e-03 4.133439466301389031e-01 5.812725445890868370e-01
6.458890336986387697e-03 4.412988080804164936e-01 5.522423015825969062e-01
4.329520460287417662e-06 1.525700739763935151e-02 9.847386630819005005e-01
8.042985620589933327e-02 7.807555939177013293e-01 1.388145498763994068e-01
5.780469718699673444e-03 4.241606577079636842e-01 5.700588725733364281e-01
9.853591801494911984e-01 1.463683766014292446e-02 3.982190366042024438e-06
2.705154163866709748e-06 1.207940102647490736e-02 9.879178938193612369e-01
3.253676667430023839e-07 4.205918565463787236e-03 9.957937560668694843e-01
1.070831122288819215e-01 7.869835999112843039e-01 1.059332878598338440e-01
6.521398906813036245e-01 3.445264106226597067e-01 3.333698696036668796e-03
9.520685829906847530e-01 4.788730116842764006e-02 4.411584088754115084e-05
5.592873269469639686e-04 1.600947048075773704e-01 8.393460078654755296e-01
2.788691524077291373e-01 6.898729457246113306e-01 3.125790186765951134e-02
2.744883557686262354e-01 6.934268367475351358e-01 3.208480748383852471e-02
9.247647384415059735e-01 7.512348717337699600e-02 1.117743851168601999e-04
1.187955767941949042e-01 7.859629772829717087e-01 9.524144592283356747e-02
9.869100631777070198e-01 1.308675842145859587e-02 3.178400834430378486e-06
8.491322514504686669e-01 1.503799655076135944e-01 4.877830419177224823e-04
8.225445509478346260e-07 6.679028568875027862e-03 9.933201488865740503e-01
8.441314778870298019e-01 1.553449143738628302e-01 5.236077391072865937e-04
4.980906534673839037e-01 4.929730010720940747e-01 8.936345460521973039e-03
9.828897739267788980e-01 1.710477412223680022e-02 5.451950984374395897e-06
6.972891436519600417e-01 3.003414491007616038e-01 2.369407247278354934e-03
2.560731770044574751e-02 6.614547303310146509e-01 3.129379519685396849e-01
9.938114496976950818e-01 6.187844640065076965e-03 7.056622398664466276e-07
9.355188465001087472e-01 6.439995637012679852e-02 8.119712976446925932e-05
8.104379458159269392e-07 6.629857917728907042e-03 9.933693316443251708e-01
8.684719310306702189e-01 1.311652384653278769e-01 3.628305040018368140e-04
9.355704492761008489e-04 2.018029878571156732e-01 7.972614416936081305e-01
9.974828612175240528e-01 2.517022452722072774e-03 1.163297538858350906e-07
2.440866673124536881e-05 3.584502750459855891e-02 9.641305638286702395e-01
1.217015843363629911e-03 2.265259753767629725e-01 7.722570087798732441e-01
4.859084222537322223e-02 7.432063847502579090e-01 2.082027730243689589e-01
1.124701556890517077e-03 2.188568080347176037e-01 7.800184904083919957e-01
9.953268703773114900e-01 4.672727834360971590e-03 4.017883275359433876e-07
9.294364637180483335e-01 7.046568697676011683e-02 9.784930519135634931e-05
1.539104487305617830e-01 7.746741200327033061e-01 7.141543123673488314e-02
9.847750952398880431e-01 1.522059603949213816e-02 4.308720619869812496e-06
8.394182874635514047e-01 1.600229743897770007e-01 5.587381466715523205e-04
9.769816109792771597e-01 2.300846446773879145e-02 9.924552984034675350e-06
2.238132194817060716e-01 7.323017430356768553e-01 4.388503748261708692e-02
3.732393324836924694e-04 1.328996554693903931e-01 8.667271051981259022e-01
7.274374329824894181e-01 2.707173032378586419e-01 1.845263779652002445e-03
1.889852386954559565e-03 2.734458508360192996e-01 7.246642967770259292e-01
3.333750310924148008e-07 4.257248513661977471e-03 9.957424181113069261e-01
9.974797647460110772e-01 2.520118637503002221e-03 1.166164859611079722e-07
9.927794314133538967e-01 7.219606982307307484e-03 9.616043386925560491e-07
3.213626015569608346e-03 3.395771481875853315e-01 6.572092257968449314e-01
7.427608703467808438e-01 2.556277823346851941e-01 1.611347318534052386e-03
2.358971740340404084e-07 3.582374476986944448e-03 9.964173896258390339e-01
4.177624039147544155e-03 3.759996153012780118e-01 6.198227606595744232e-01
2.350700397559809529e-01 7.240794711179334708e-01 4.085048912608545135e-02
3.272576021923228602e-06 1.327793491795854069e-02 9.867187925060195708e-01
2.731640174084504560e-02 6.708932208604999614e-01 3.017903773986549409e-01
9.921756660272847972e-01 7.823204169437818212e-03 1.129803277243302056e-06
8.972253912767667039e-01 1.025598871967899617e-01 2.147215264435004120e-04
4.185287179465291029e-06 1.500265775122736414e-02 9.849931569615932858e-01
7.416893824574003442e-06 1.992180637198657719e-02 9.800707767341888532e-01
1.155838126064650945e-01 7.864154884306523430e-01 9.800069896288256255e-02
5.114258502964575626e-06 1.657107418518133021e-02 9.834238115563155302e-01
2.248365193672914293e-04 1.048151833256639603e-01 8.949599801549688038e-01
9.608099630302284755e-01 3.916080300281833682e-02 2.923396695308178256e-05
8.837761829122557922e-01 1.159452143150708631e-01 2.786027726734336719e-04
3.911069315416388914e-01 5.924554836493041154e-01 1.643758480905680233e-02
9.943403679904686543e-01 5.659042117059780684e-03 5.898924715287962768e-07
6.841751780439017105e-01 3.131988203118932779e-01 2.626001644204982964e-03
2.454952920489156809e-01 7.162322265659692988e-01 3.827248138511508274e-02
8.887396361526509999e-04 1.972535763900207517e-01 8.018576839738265072e-01
9.961786931200268258e-01 3.821038439721698415e-03 2.684402516595922828e-07
9.187268799357327653e-01 8.114186212261029207e-02 1.312579416567164088e-04
6.813943828398827396e-02 7.717612509590531245e-01 1.600993107569586293e-01
6.993217527884080242e-01 2.983469997057951462e-01 2.331247505796846080e-03
3.729850662454116568e-04 1.328576204288610674e-01 8.667693945048934312e-01
2.532875977861087768e-05 3.650191469512251152e-02 9.634727565450990072e-01
2.029116603941373743e-06 1.047023554321160205e-02 9.895277353401843445e-01
2.049540397048254525e-01 7.453939015982372629e-01 4.965205869693715274e-02
9.948757502803075026e-01 5.123766402915756399e-03 4.833167766994984102e-07
3.758202241063455737e-07 4.519551326617869159e-03 9.954800728531580933e-01
9.715953008029638571e-01 2.838950588930102409e-02 1.519330773492379464e-05
1.343322918665954858e-02 5.595988390816580837e-01 4.269679317316824041e-01
9.923932126927772490e-01 7.605719681775326667e-03 1.067625447421847011e-06
2.302050150251631213e-06 1.114837105856748486e-02 9.888493268912822431e-01
2.060477164561998805e-03 2.835013832011384349e-01 7.144381396342995849e-01
4.396135220454280498e-03 3.833464942926998464e-01 6.122573704868459199e-01
1.667534571410797832e-03 2.593790612625227476e-01 7.389534041660662522e-01
3.181519403902809406e-01 6.569986300252849132e-01 2.484942958443392760e-02
9.953370196077782062e-01 4.662580351158009291e-03 4.000410639084449722e-07
7.670168422640966099e-01 2.317011999103812669e-01 1.281957825521989978e-03
4.612657687537674743e-06 1.574409039994161333e-02 9.842512969423710123e-01
3.546413847190080952e-06 1.381851303945067985e-02 9.861779405467020476e-01
8.031377375120891582e-06 2.072216661808648844e-02 9.792698020045382812e-01
3.300824373664136904e-03 3.431846128581780841e-01 6.535145627681577807e-01
7.588047797994169619e-01 2.398071347102984363e-01 1.388085490284516384e-03
1.304152742552238675e-01 7.833950479403545275e-01 8.618967780442138293e-02
7.209275796109440027e-01 2.771213612235308710e-01 1.951059165525040719e-03
5.699711468608317094e-02 7.582491964222264347e-01 1.847536888916903874e-01
9.740805840220494449e-01 2.590679611611736849e-02 1.261986183314546013e-05
2.229704248066685657e-01 7.329059391893442132e-01 4.412363600398713087e-02
2.472380640595406379e-05 3.607144042919530058e-02 9.639038357643987531e-01
1.434285715886668769e-02 5.703111114031748086e-01 4.153460314379583962e-01
8.638597865859036495e-02 7.834701494282875212e-01 1.301438719131221278e-01
1.842163334363510052e-05 3.121494803477456101e-02 9.687666303318817063e-01
2.235750881018626107e-04 1.045370537424079455e-01 8.952393711694902612e-01
9.614693376400319513e-01 3.850242248665081135e-02 2.823987331727114553e-05
9.896451021435203055e-01 1.035291419380355606e-02 1.983662675947712109e-06
3.769926877487573218e-07 4.526579780373665186e-03 9.954730432269384144e-01
8.821039229877025711e-01 1.176088782695316748e-01 2.871987427657410135e-04
5.866377373307425369e-01 4.081609264306057527e-01 5.201336238651460553e-03
6.886147801297285050e-03 4.513270361250584228e-01 5.417868160736444283e-01
5.581630926260562620e-02 7.564271217943364656e-01 1.877565689430577556e-01
6.179852104817968000e-05 5.642253095602198232e-02 9.435156705229297280e-01
6.321127558698513837e-01 3.640471420435456018e-01 3.840102086603052172e-03
9.732932648746589021e-05 7.028505596763776064e-02 9.296176147058748951e-01
9.916026005296462165e-01 8.396097385311654046e-03 1.302085041978741957e-06
2.127370847293958420e-04 1.021105343529284948e-01 8.976767285623420412e-01
5.176330189958716632e-01 4.744036255812455471e-01 7.963355422882923210e-03
1.850020135904556495e-01 7.580998048547973323e-01 5.689818155474692107e-02
2.079525655893398929e-05 3.313217817291294609e-02 9.668470265705280120e-01
9.322017764385296149e-06 2.230709862717749140e-02 9.776835793550578968e-01
1.622126221416355059e-07 2.971563555555689108e-03 9.970282742318220537e-01
1.430610618010058876e-07 2.790890345197936506e-03 9.972089665937401426e-01
9.866732618646977260e-01 1.332344293631481519e-02 3.295198987457034041e-06
1.161738671644697347e-04 7.652924707270677973e-02 9.233545790601288550e-01
9.047046725569806158e-01 9.511218560766120100e-02 1.831418353582026418e-04
2.365525482514788916e-04 1.073578771707669605e-01 8.924055702809814417e-01
2.531764362577714755e-01 7.103221637575247716e-01 3.650139998470380148e-02
2.708877784331651870e-02 6.696824173828969107e-01 3.032288047737864978e-01
1.880970590835278067e-01 7.562184107338063566e-01 5.568453018266564247e-02
1.032363613224172444e-01 7.869050435116002884e-01 1.098585951659824395e-01
9.960685900609091148e-02 7.866153168023199971e-01 1.137778241915891331e-01
4.276796388138870975e-01 5.589409983855169184e-01 1.337936280059590435e-02
9.835651234262126064e-01 1.642984983705707280e-02 5.026736730552417652e-06
7.979176798999213523e-07 6.578616733459473516e-03 9.934205853488604632e-01
1.237152063264246038e-01 7.850443525931070088e-01 9.124044108046816537e-02
2.708580715021188245e-01 6.963521742111385970e-01 3.278975428674257842e-02
2.195362784243102929e-07 3.456131637050160760e-03 9.965436488266713466e-01
3.917757484937808868e-07 4.614273760124075995e-03 9.953853344641272471e-01
8.961447981436070354e-01 1.036356876907117419e-01 2.195141656811140098e-04
1.762921449649085259e-01 7.631934967105985512e-01 6.051435832449300611e-02
1.341335529453802355e-01 7.823001004267420289e-01 8.356634662787761070e-02
8.661389547167225311e-01 1.334842594083155976e-01 3.767858749619381665e-04
9.086720690749149065e-02 7.849418635536027367e-01 1.241909295389057588e-01
1.674173089920430804e-02 5.954130611402062012e-01 3.878452079605894665e-01
9.929123334994095496e-01 7.086740088579650786e-03 9.264120108684116162e-07
9.288115819918860705e-01 7.108876363252690511e-02 9.965437558719946235e-05
4.355917438326012969e-01 5.516140576871836343e-01 1.279419848021500807e-02
5.728953205019136075e-01 4.214267372729875727e-01 5.677942225098701022e-03
6.780688281111310600e-07 6.066028866617742196e-03 9.939332930645539133e-01
5.175604981570751661e-01 4.744727107642926489e-01 7.966791078632315046e-03
4.862374599877627435e-01 5.041871344552850687e-01 9.575405556952168787e-03
2.084859291624250647e-07 3.368175160368151212e-03 9.966316163537025652e-01
1.106340223013793228e-01 7.868639105387446042e-01 1.025020671598757954e-01
1.557525284584149877e-02 5.837310322179566358e-01 4.006937149362019834e-01
5.534239005942527267e-01 4.401641010795912523e-01 6.411998326155920330e-03
6.624956510473614668e-02 7.698840996196983921e-01 1.638663352755654057e-01
8.431540929644621984e-01 1.563151238969321954e-01 5.307831386056257325e-04
8.710706448657699053e-01 1.285817172187285473e-01 3.476379155015228771e-04
5.448581128761929642e-05 5.307333196109193657e-02 9.468721822276204847e-01
9.868133182916243307e-01 1.318345584768559724e-02 3.225860689885800712e-06
6.858722471776019765e-04 1.756271591378416319e-01 8.236869686149808079e-01
3.226521049960427576e-05 4.109942055994899451e-02 9.588683142295513218e-01
9.947125484578055454e-01 5.286936867607676567e-03 5.146745868767620583e-07
5.896827748858667452e-04 1.640014628055787294e-01 8.354088544195353849e-01
8.304456996260102780e-06 2.106779337968188795e-02 9.789239021633218130e-01
5.397821277032996390e-06 1.702038103774058259e-02 9.829742211409824293e-01
6.462424273092665268e-03 4.413840404614212121e-01 5.521535352654862727e-01
3.599252902758184205e-07 4.423158070775660457e-03 9.955764820039341156e-01
9.540347718745432193e-01 4.592473780261596000e-02 4.049032284079505893e-05
9.967234847247183893e-01 3.276318024159025760e-03 1.972511224667692215e-07
1.258300893327576318e-05 2.586943810589339976e-02 9.741179788851731525e-01
2.822972311174540838e-01 6.870744570143415553e-01 3.062831186820449622e-02
1.274158740167806794e-02 5.509385988885793228e-01 4.363198137097426543e-01
4.400874487188995154e-02 7.326157358897686933e-01 2.233755192383413135e-01
3.056944752167027948e-02 6.868085859273601601e-01 2.826219665509696055e-01
7.924249559182940800e-03 4.736153963543979772e-01 5.184603540864189952e-01
1.341232634236736618e-05 2.669697555737162234e-02 9.732896121162860625e-01
3.723126967440147195e-04 1.327463856043323009e-01 8.668813016989236342e-01
1.270713290576049794e-07 2.630514866839914114e-03 9.973693580618310239e-01
7.380039942218446190e-03 4.622728766088639030e-01 5.303470834489176777e-01
2.837002527583824540e-01 6.859248110513941343e-01 3.037493619022343244e-02
2.819525542744992785e-01 6.873565093583418051e-01 3.069093636715887474e-02
5.203045877072356719e-05 5.189599754581011859e-02 9.480519719954192404e-01
3.397895650834811154e-05 4.215355677050054706e-02 9.578124642729910487e-01
6.979019238978617103e-07 6.153831393338848703e-03 9.938454707047372771e-01
9.710738251802072396e-01 2.891041038743168839e-02 1.576443236109038791e-05
5.221138632085137177e-01 4.701326392347264793e-01 7.753497556759841175e-03
4.057780087997502338e-01 5.790857075356231620e-01 1.513628366462664923e-02
6.873995704268062723e-02 7.723267270295131048e-01 1.589333159278063512e-01
3.724085373453559444e-04 1.327622482372458612e-01 8.668653432254086466e-01
1.221156302481960420e-03 2.268611318135347887e-01 7.719177118839833929e-01
9.968550756917964328e-01 3.144742605973619223e-03 1.817022299389866636e-07
